=================== FEFFIT RESULTS ====================
[[Statistics]]
   nvarys, npts       =  7, 144
   n_independent      =  17.106
   chi_square         =  62.8594408
   reduced chi_square =  6.21971639
   r-factor           =  0.01751179
   Akaike info crit   =  36.2631224
   Bayesian info crit =  42.1393238
 
[[Data]]
   fit space          = 'r'
   r-range            = 1.000, 3.200
   k-range            = 2.000, 13.500
   k window, dk       = 'kaiser', 3.000
   paths used in fit  = ['feff_feo01.dat', 'feff_feo02.dat']
   k-weight           = 3
   epsilon_k          = Array(mean=7.6751e-04, std=0.00186633)
   epsilon_r          = 0.16541873
   n_independent      = 17.106
 
[[Variables]]
   de0            = -1.47416477 +/- 1.13418451   (init=  0.10000000)
   delr_1         = -0.02936638 +/- 0.01075846   (init=  0.00000000)
   delr_2         =  0.04782343 +/- 0.00838729   (init=  0.00000000)
   n1             =  5.41282687 +/- 1.22417828   (init=  6.00000000)
   n2             =  11.1724782 +/- 1.50176301   (init=  12.0000000)
   sig2_1         =  0.01202039 +/- 0.00270684   (init=  0.00200000)
   sig2_2         =  0.01253566 +/- 0.00117367   (init=  0.00200000)
   degen__p2ndoyi6v =  1.00000000 (fixed)
   s02__p2ndoyi6v =  3.78897881 +/- 0.85692479  = 's02*n1'
   e0__p2ndoyi6v  = -1.47416477 +/- 1.13418451  = 'de0'
   ei__p2ndoyi6v  =  0.00000000 (fixed)
   deltar__p2ndoyi6v = -0.02936638 +/- 0.01075846  = 'delr_1'
   sigma2__p2ndoyi6v =  0.01202039 +/- 0.00270684  = 'sig2_1'
   third__p2ndoyi6v =  0.00000000 (fixed)
   fourth__p2ndoyi6v =  0.00000000 (fixed)
   degen__pkh7kqqg6 =  1.00000000 (fixed)
   s02__pkh7kqqg6 =  7.82073475 +/- 1.05123410  = 's02*n2'
   e0__pkh7kqqg6  = -1.47416477 +/- 1.13418451  = 'de0'
   ei__pkh7kqqg6  =  0.00000000 (fixed)
   deltar__pkh7kqqg6 =  0.04782343 +/- 0.00838729  = 'delr_2'
   sigma2__pkh7kqqg6 =  0.01253566 +/- 0.00117367  = 'sig2_2'
   third__pkh7kqqg6 =  0.00000000 (fixed)
   fourth__pkh7kqqg6 =  0.00000000 (fixed)
 
[[Correlations]]    (unreported correlations are <  0.500)
   n2, sig2_2           =  0.939
   de0, delr_2          =  0.919
   n1, sig2_1           =  0.897
   de0, delr_1          =  0.582
   delr_1, delr_2       =  0.539
=======================================================
